%YAML:1.0
transformation: !!opencv-matrix
   rows: 3
   cols: 4
   dt: f
   data: [ -2.09122255e-001, -9.77655113e-001, -2.13995539e-002,
       7.14781952e+001, 1.50859952e-001, -5.38751967e-002,
       9.87085938e-001, -2.90879059e+002, -9.66182768e-001,
       2.03193337e-001, 1.58755526e-001, 3.88411957e+002 ]
