%YAML:1.0
transformation: !!opencv-matrix
   rows: 3
   cols: 4
   dt: f
   data: [ 9.99991119e-001, 3.20433546e-003, -2.72556744e-003,
       4.07712746e+001, 2.70981668e-003, 4.90953587e-003,
       9.99984264e-001, -2.30970592e+001, 3.21766362e-003,
       -9.99982595e-001, 4.90078283e-003, 3.60617191e-002 ]
