%YAML:1.0
transformation: !!opencv-matrix
   rows: 3
   cols: 4
   dt: f
   data: [ 9.99987602e-001, -3.50424927e-003, 3.52567225e-003,
       3.99298706e+001, -3.51998978e-003, 1.62655406e-003,
       9.99992490e-001, -2.37604752e+001, -3.50995897e-003,
       -9.99992311e-001, 1.61414756e-003, -1.99384242e-002 ]
