%YAML:1.0
transformation: !!opencv-matrix
   rows: 3
   cols: 4
   dt: f
   data: [ 9.99966502e-001, 5.10789175e-003, -6.39040302e-003,
       3.94530334e+001, 6.37356564e-003, 3.30586801e-003,
       9.99974191e-001, -1.95245132e+001, 5.12888609e-003,
       -9.99981463e-001, 3.27320001e-003, -6.65877387e-002 ]
